3.543429970741271973e-01 -2.388126254081726074e-01 -4.730062484741210938e-01 0.000000000000000000e+00 0.000000000000000000e+00 0.000000000000000000e+00 0.000000000000000000e+00
3.477305173873901367e-01 -2.344607114791870117e-01 -4.649629592895507812e-01 0.000000000000000000e+00 0.000000000000000000e+00 0.000000000000000000e+00 0.000000000000000000e+00
3.414118885993957520e-01 -2.302029728889465332e-01 -4.561390876770019531e-01 0.000000000000000000e+00 0.000000000000000000e+00 0.000000000000000000e+00 0.000000000000000000e+00
3.352029919624328613e-01 -2.260290384292602539e-01 -4.474697113037109375e-01 0.000000000000000000e+00 0.000000000000000000e+00 0.000000000000000000e+00 0.000000000000000000e+00
3.291023373603820801e-01 -2.219308018684387207e-01 -4.389388561248779297e-01 0.000000000000000000e+00 0.000000000000000000e+00 0.000000000000000000e+00 0.000000000000000000e+00
3.231086134910583496e-01 -2.179067730903625488e-01 -4.305462837219238281e-01 0.000000000000000000e+00 0.000000000000000000e+00 0.000000000000000000e+00 0.000000000000000000e+00
3.172199428081512451e-01 -2.139553427696228027e-01 -4.222922325134277344e-01 0.000000000000000000e+00 0.000000000000000000e+00 0.000000000000000000e+00 0.000000000000000000e+00
3.114342093467712402e-01 -2.100744247436523438e-01 -4.141759872436523438e-01 0.000000000000000000e+00 0.000000000000000000e+00 0.000000000000000000e+00 0.000000000000000000e+00
3.057505190372467041e-01 -2.062627673149108887e-01 -4.061958789825439453e-01 0.000000000000000000e+00 0.000000000000000000e+00 0.000000000000000000e+00 0.000000000000000000e+00
3.001667857170104980e-01 -2.025195360183715820e-01 -3.983526229858398438e-01 0.000000000000000000e+00 0.000000000000000000e+00 0.000000000000000000e+00 0.000000000000000000e+00
2.946815490722656250e-01 -1.988429427146911621e-01 -3.906445503234863281e-01 0.000000000000000000e+00 0.000000000000000000e+00 0.000000000000000000e+00 0.000000000000000000e+00
2.892932295799255371e-01 -1.952311992645263672e-01 -3.830704689025878906e-01 0.000000000000000000e+00 0.000000000000000000e+00 0.000000000000000000e+00 0.000000000000000000e+00
2.840005159378051758e-01 -1.916839480400085449e-01 -3.756289482116699219e-01 0.000000000000000000e+00 0.000000000000000000e+00 0.000000000000000000e+00 0.000000000000000000e+00
2.788017392158508301e-01 -1.881988644599914551e-01 -3.683199882507324219e-01 0.000000000000000000e+00 0.000000000000000000e+00 0.000000000000000000e+00 0.000000000000000000e+00
2.736945748329162598e-01 -1.847763657569885254e-01 -3.611416816711425781e-01 0.000000000000000000e+00 0.000000000000000000e+00 0.000000000000000000e+00 0.000000000000000000e+00
2.686785459518432617e-01 -1.814141869544982910e-01 -3.540925979614257812e-01 0.000000000000000000e+00 0.000000000000000000e+00 0.000000000000000000e+00 0.000000000000000000e+00
2.637519836425781250e-01 -1.781113743782043457e-01 -3.471708297729492188e-01 0.000000000000000000e+00 0.000000000000000000e+00 0.000000000000000000e+00 0.000000000000000000e+00
2.589130699634552002e-01 -1.748667359352111816e-01 -3.403763771057128906e-01 0.000000000000000000e+00 0.000000000000000000e+00 0.000000000000000000e+00 0.000000000000000000e+00
2.541597783565521240e-01 -1.716797947883605957e-01 -3.337063789367675781e-01 0.000000000000000000e+00 0.000000000000000000e+00 0.000000000000000000e+00 0.000000000000000000e+00
2.494918107986450195e-01 -1.685491204261779785e-01 -3.271603584289550781e-01 0.000000000000000000e+00 0.000000000000000000e+00 0.000000000000000000e+00 0.000000000000000000e+00
2.449077367782592773e-01 -1.654741168022155762e-01 -3.207356929779052734e-01 0.000000000000000000e+00 0.000000000000000000e+00 0.000000000000000000e+00 0.000000000000000000e+00
2.404046058654785156e-01 -1.624533534049987793e-01 -3.144316673278808594e-01 0.000000000000000000e+00 0.000000000000000000e+00 0.000000000000000000e+00 0.000000000000000000e+00
2.359830737113952637e-01 -1.594865918159484863e-01 -3.082456588745117188e-01 0.000000000000000000e+00 0.000000000000000000e+00 0.000000000000000000e+00 0.000000000000000000e+00
2.316402792930603027e-01 -1.565721631050109863e-01 -3.021769523620605469e-01 0.000000000000000000e+00 0.000000000000000000e+00 0.000000000000000000e+00 0.000000000000000000e+00
2.273759245872497559e-01 -1.537095308303833008e-01 -2.962226867675781250e-01 0.000000000000000000e+00 0.000000000000000000e+00 0.000000000000000000e+00 0.000000000000000000e+00
2.231879234313964844e-01 -1.508975028991699219e-01 -2.903826236724853516e-01 0.000000000000000000e+00 0.000000000000000000e+00 0.000000000000000000e+00 0.000000000000000000e+00
2.190749645233154297e-01 -1.481363177299499512e-01 -2.846541404724121094e-01 0.000000000000000000e+00 0.000000000000000000e+00 0.000000000000000000e+00 0.000000000000000000e+00
2.150365710258483887e-01 -1.454239487648010254e-01 -2.790360450744628906e-01 0.000000000000000000e+00 0.000000000000000000e+00 0.000000000000000000e+00 0.000000000000000000e+00
2.110703885555267334e-01 -1.427599787712097168e-01 -2.735242843627929688e-01 0.000000000000000000e+00 0.000000000000000000e+00 0.000000000000000000e+00 0.000000000000000000e+00
2.071759700775146484e-01 -1.401434540748596191e-01 -2.681202888488769531e-01 0.000000000000000000e+00 0.000000000000000000e+00 0.000000000000000000e+00 0.000000000000000000e+00
2.033516168594360352e-01 -1.375740170478820801e-01 -2.628209590911865234e-01 0.000000000000000000e+00 0.000000000000000000e+00 0.000000000000000000e+00 0.000000000000000000e+00
1.995961070060729980e-01 -1.350501179695129395e-01 -2.576248645782470703e-01 0.000000000000000000e+00 0.000000000000000000e+00 0.000000000000000000e+00 0.000000000000000000e+00
1.959083676338195801e-01 -1.325718760490417480e-01 -2.525291442871093750e-01 0.000000000000000000e+00 0.000000000000000000e+00 0.000000000000000000e+00 0.000000000000000000e+00
1.922874450683593750e-01 -1.301380991935729980e-01 -2.475328445434570312e-01 0.000000000000000000e+00 0.000000000000000000e+00 0.000000000000000000e+00 0.000000000000000000e+00
1.887318491935729980e-01 -1.277482509613037109e-01 -2.426347732543945312e-01 0.000000000000000000e+00 0.000000000000000000e+00 0.000000000000000000e+00 0.000000000000000000e+00
1.852405667304992676e-01 -1.254014968872070312e-01 -2.378327846527099609e-01 0.000000000000000000e+00 0.000000000000000000e+00 0.000000000000000000e+00 0.000000000000000000e+00
1.818126440048217773e-01 -1.230973601341247559e-01 -2.331253290176391602e-01 0.000000000000000000e+00 0.000000000000000000e+00 0.000000000000000000e+00 0.000000000000000000e+00
1.784471869468688965e-01 -1.208344101905822754e-01 -2.285100221633911133e-01 0.000000000000000000e+00 0.000000000000000000e+00 0.000000000000000000e+00 0.000000000000000000e+00
1.751424670219421387e-01 -1.186119914054870605e-01 -2.239849567413330078e-01 0.000000000000000000e+00 0.000000000000000000e+00 0.000000000000000000e+00 0.000000000000000000e+00
1.718973517417907715e-01 -1.164306402206420898e-01 -2.195506095886230469e-01 0.000000000000000000e+00 0.000000000000000000e+00 0.000000000000000000e+00 0.000000000000000000e+00
1.687114834785461426e-01 -1.142885088920593262e-01 -2.152026891708374023e-01 0.000000000000000000e+00 0.000000000000000000e+00 0.000000000000000000e+00 0.000000000000000000e+00
1.655833125114440918e-01 -1.121848225593566895e-01 -2.109415531158447266e-01 0.000000000000000000e+00 0.000000000000000000e+00 0.000000000000000000e+00 0.000000000000000000e+00
1.625123620033264160e-01 -1.101198792457580566e-01 -2.067639827728271484e-01 0.000000000000000000e+00 0.000000000000000000e+00 0.000000000000000000e+00 0.000000000000000000e+00
1.594971418380737305e-01 -1.080922484397888184e-01 -2.026708126068115234e-01 0.000000000000000000e+00 0.000000000000000000e+00 0.000000000000000000e+00 0.000000000000000000e+00
1.565368771553039551e-01 -1.061019301414489746e-01 -1.986582279205322266e-01 0.000000000000000000e+00 0.000000000000000000e+00 0.000000000000000000e+00 0.000000000000000000e+00
1.536301374435424805e-01 -1.041474938392639160e-01 -1.947247982025146484e-01 0.000000000000000000e+00 0.000000000000000000e+00 0.000000000000000000e+00 0.000000000000000000e+00
1.507768332958221436e-01 -1.022285223007202148e-01 -1.908693313598632812e-01 0.000000000000000000e+00 0.000000000000000000e+00 0.000000000000000000e+00 0.000000000000000000e+00
1.479754447937011719e-01 -1.003449559211730957e-01 -1.870911121368408203e-01 0.000000000000000000e+00 0.000000000000000000e+00 0.000000000000000000e+00 0.000000000000000000e+00
1.452249884605407715e-01 -9.849590063095092773e-02 -1.833881139755249023e-01 0.000000000000000000e+00 0.000000000000000000e+00 0.000000000000000000e+00 0.000000000000000000e+00
1.425247788429260254e-01 -9.668093919754028320e-02 -1.797589063644409180e-01 0.000000000000000000e+00 0.000000000000000000e+00 0.000000000000000000e+00 0.000000000000000000e+00
1.398738026618957520e-01 -9.489852190017700195e-02 -1.762015819549560547e-01 0.000000000000000000e+00 0.000000000000000000e+00 0.000000000000000000e+00 0.000000000000000000e+00
1.372715830802917480e-01 -9.314936399459838867e-02 -1.727156639099121094e-01 0.000000000000000000e+00 0.000000000000000000e+00 0.000000000000000000e+00 0.000000000000000000e+00
1.347171366214752197e-01 -9.143203496932983398e-02 -1.692986488342285156e-01 0.000000000000000000e+00 0.000000000000000000e+00 0.000000000000000000e+00 0.000000000000000000e+00
1.322087943553924561e-01 -8.974647521972656250e-02 -1.659511327743530273e-01 0.000000000000000000e+00 0.000000000000000000e+00 0.000000000000000000e+00 0.000000000000000000e+00
1.297473013401031494e-01 -8.809167146682739258e-02 -1.626691818237304688e-01 0.000000000000000000e+00 0.000000000000000000e+00 0.000000000000000000e+00 0.000000000000000000e+00
1.273298263549804688e-01 -8.646732568740844727e-02 -1.594526767730712891e-01 0.000000000000000000e+00 0.000000000000000000e+00 0.000000000000000000e+00 0.000000000000000000e+00
1.249576807022094727e-01 -8.487272262573242188e-02 -1.563004255294799805e-01 0.000000000000000000e+00 0.000000000000000000e+00 0.000000000000000000e+00 0.000000000000000000e+00
1.226281821727752686e-01 -8.330744504928588867e-02 -1.532118320465087891e-01 0.000000000000000000e+00 0.000000000000000000e+00 0.000000000000000000e+00 0.000000000000000000e+00
1.203418970108032227e-01 -8.177107572555541992e-02 -1.501846313476562500e-01 0.000000000000000000e+00 0.000000000000000000e+00 0.000000000000000000e+00 0.000000000000000000e+00
1.180974841117858887e-01 -8.026331663131713867e-02 -1.472171545028686523e-01 0.000000000000000000e+00 0.000000000000000000e+00 0.000000000000000000e+00 0.000000000000000000e+00
1.158938407897949219e-01 -7.878279685974121094e-02 -1.443101167678833008e-01 0.000000000000000000e+00 0.000000000000000000e+00 0.000000000000000000e+00 0.000000000000000000e+00
1.137310862541198730e-01 -7.732987403869628906e-02 -1.414606571197509766e-01 0.000000000000000000e+00 0.000000000000000000e+00 0.000000000000000000e+00 0.000000000000000000e+00
1.116081774234771729e-01 -7.590407133102416992e-02 -1.386677026748657227e-01 0.000000000000000000e+00 0.000000000000000000e+00 0.000000000000000000e+00 0.000000000000000000e+00
1.095244288444519043e-01 -7.450407743453979492e-02 -1.359302997589111328e-01 0.000000000000000000e+00 0.000000000000000000e+00 0.000000000000000000e+00 0.000000000000000000e+00
1.074789166450500488e-01 -7.313030958175659180e-02 -1.332484483718872070e-01 0.000000000000000000e+00 0.000000000000000000e+00 0.000000000000000000e+00 0.000000000000000000e+00
1.054714620113372803e-01 -7.178181409835815430e-02 -1.306192874908447266e-01 0.000000000000000000e+00 0.000000000000000000e+00 0.000000000000000000e+00 0.000000000000000000e+00
1.035004258155822754e-01 -7.045847177505493164e-02 -1.280434131622314453e-01 0.000000000000000000e+00 0.000000000000000000e+00 0.000000000000000000e+00 0.000000000000000000e+00
1.015661656856536865e-01 -6.915849447250366211e-02 -1.255173683166503906e-01 0.000000000000000000e+00 0.000000000000000000e+00 0.000000000000000000e+00 0.000000000000000000e+00
9.966701269149780273e-02 -6.788307428359985352e-02 -1.230432987213134766e-01 0.000000000000000000e+00 0.000000000000000000e+00 0.000000000000000000e+00 0.000000000000000000e+00
9.780353307723999023e-02 -6.663149595260620117e-02 -1.206177473068237305e-01 0.000000000000000000e+00 0.000000000000000000e+00 0.000000000000000000e+00 0.000000000000000000e+00
9.597426652908325195e-02 -6.540310382843017578e-02 -1.182410717010498047e-01 0.000000000000000000e+00 0.000000000000000000e+00 0.000000000000000000e+00 0.000000000000000000e+00
9.417891502380371094e-02 -6.419759988784790039e-02 -1.159112453460693359e-01 0.000000000000000000e+00 0.000000000000000000e+00 0.000000000000000000e+00 0.000000000000000000e+00
9.241652488708496094e-02 -6.301444768905639648e-02 -1.136288642883300781e-01 0.000000000000000000e+00 0.000000000000000000e+00 0.000000000000000000e+00 0.000000000000000000e+00
9.068644046783447266e-02 -6.185305118560791016e-02 -1.113913059234619141e-01 0.000000000000000000e+00 0.000000000000000000e+00 0.000000000000000000e+00 0.000000000000000000e+00
8.898830413818359375e-02 -6.071287393569946289e-02 -1.091983318328857422e-01 0.000000000000000000e+00 0.000000000000000000e+00 0.000000000000000000e+00 0.000000000000000000e+00
8.732205629348754883e-02 -5.959433317184448242e-02 -1.070495843887329102e-01 0.000000000000000000e+00 0.000000000000000000e+00 0.000000000000000000e+00 0.000000000000000000e+00
8.568650484085083008e-02 -5.849641561508178711e-02 -1.049432754516601562e-01 0.000000000000000000e+00 0.000000000000000000e+00 0.000000000000000000e+00 0.000000000000000000e+00
8.420580625534057617e-02 -5.747419595718383789e-02 -1.028621196746826172e-01 0.000000000000000000e+00 0.000000000000000000e+00 0.000000000000000000e+00 0.000000000000000000e+00
8.329671621322631836e-02 -5.652320384979248047e-02 -1.006608009338378906e-01 0.000000000000000000e+00 0.000000000000000000e+00 0.000000000000000000e+00 0.000000000000000000e+00
8.254688978195190430e-02 -5.550211668014526367e-02 -9.851133823394775391e-02 0.000000000000000000e+00 0.000000000000000000e+00 0.000000000000000000e+00 0.000000000000000000e+00
8.167737722396850586e-02 -5.454152822494506836e-02 -9.651601314544677734e-02 0.000000000000000000e+00 0.000000000000000000e+00 0.000000000000000000e+00 0.000000000000000000e+00
8.013254404067993164e-02 -5.355864763259887695e-02 -9.465599060058593750e-02 0.000000000000000000e+00 0.000000000000000000e+00 0.000000000000000000e+00 0.000000000000000000e+00
7.932746410369873047e-02 -5.293905735015869141e-02 -9.270811080932617188e-02 0.000000000000000000e+00 0.000000000000000000e+00 0.000000000000000000e+00 0.000000000000000000e+00
7.834911346435546875e-02 -5.213528871536254883e-02 -9.082269668579101562e-02 0.000000000000000000e+00 0.000000000000000000e+00 0.000000000000000000e+00 0.000000000000000000e+00
7.687556743621826172e-02 -5.118238925933837891e-02 -8.905076980590820312e-02 0.000000000000000000e+00 0.000000000000000000e+00 0.000000000000000000e+00 0.000000000000000000e+00
7.543087005615234375e-02 -5.024254322052001953e-02 -8.730518817901611328e-02 0.000000000000000000e+00 0.000000000000000000e+00 0.000000000000000000e+00 0.000000000000000000e+00
7.401347160339355469e-02 -4.931890964508056641e-02 -8.559274673461914062e-02 0.000000000000000000e+00 0.000000000000000000e+00 0.000000000000000000e+00 0.000000000000000000e+00
7.262212038040161133e-02 -4.841339588165283203e-02 -8.391499519348144531e-02 0.000000000000000000e+00 0.000000000000000000e+00 0.000000000000000000e+00 0.000000000000000000e+00
7.125699520111083984e-02 -4.752337932586669922e-02 -8.226966857910156250e-02 0.000000000000000000e+00 0.000000000000000000e+00 0.000000000000000000e+00 0.000000000000000000e+00
6.991797685623168945e-02 -4.664981365203857422e-02 -8.065593242645263672e-02 0.000000000000000000e+00 0.000000000000000000e+00 0.000000000000000000e+00 0.000000000000000000e+00
6.860327720642089844e-02 -4.579246044158935547e-02 -7.907485961914062500e-02 0.000000000000000000e+00 0.000000000000000000e+00 0.000000000000000000e+00 0.000000000000000000e+00
6.731319427490234375e-02 -4.495012760162353516e-02 -7.752406597137451172e-02 0.000000000000000000e+00 0.000000000000000000e+00 0.000000000000000000e+00 0.000000000000000000e+00
6.604766845703125000e-02 -4.412376880645751953e-02 -7.600450515747070312e-02 0.000000000000000000e+00 0.000000000000000000e+00 0.000000000000000000e+00 0.000000000000000000e+00
6.480467319488525391e-02 -4.331356287002563477e-02 -7.451581954956054688e-02 0.000000000000000000e+00 0.000000000000000000e+00 0.000000000000000000e+00 0.000000000000000000e+00
6.358540058135986328e-02 -4.251813888549804688e-02 -7.305634021759033203e-02 0.000000000000000000e+00 0.000000000000000000e+00 0.000000000000000000e+00 0.000000000000000000e+00
6.238895654678344727e-02 -4.173773527145385742e-02 -7.162618637084960938e-02 0.000000000000000000e+00 0.000000000000000000e+00 0.000000000000000000e+00 0.000000000000000000e+00
6.121492385864257812e-02 -4.097104072570800781e-02 -7.022333145141601562e-02 0.000000000000000000e+00 0.000000000000000000e+00 0.000000000000000000e+00 0.000000000000000000e+00
6.006270647048950195e-02 -4.021841287612915039e-02 -6.884837150573730469e-02 0.000000000000000000e+00 0.000000000000000000e+00 0.000000000000000000e+00 0.000000000000000000e+00
5.893242359161376953e-02 -3.947985172271728516e-02 -6.750035285949707031e-02 0.000000000000000000e+00 0.000000000000000000e+00 0.000000000000000000e+00 0.000000000000000000e+00
5.782258510589599609e-02 -3.875589370727539062e-02 -6.617999076843261719e-02 0.000000000000000000e+00 0.000000000000000000e+00 0.000000000000000000e+00 0.000000000000000000e+00
5.673462152481079102e-02 -3.804385662078857422e-02 -6.488430500030517578e-02 0.000000000000000000e+00 0.000000000000000000e+00 0.000000000000000000e+00 0.000000000000000000e+00
5.566596984863281250e-02 -3.734570741653442383e-02 -6.361508369445800781e-02 0.000000000000000000e+00 0.000000000000000000e+00 0.000000000000000000e+00 0.000000000000000000e+00
5.461800098419189453e-02 -3.666073083877563477e-02 -6.237053871154785156e-02 0.000000000000000000e+00 0.000000000000000000e+00 0.000000000000000000e+00 0.000000000000000000e+00
5.358898639678955078e-02 -3.598809242248535156e-02 -6.115102767944335938e-02 0.000000000000000000e+00 0.000000000000000000e+00 0.000000000000000000e+00 0.000000000000000000e+00
5.257976055145263672e-02 -3.532791137695312500e-02 -5.995512008666992188e-02 0.000000000000000000e+00 0.000000000000000000e+00 0.000000000000000000e+00 0.000000000000000000e+00
5.158936977386474609e-02 -3.468036651611328125e-02 -5.878329277038574219e-02 0.000000000000000000e+00 0.000000000000000000e+00 0.000000000000000000e+00 0.000000000000000000e+00
5.061733722686767578e-02 -3.404414653778076172e-02 -5.763387680053710938e-02 0.000000000000000000e+00 0.000000000000000000e+00 0.000000000000000000e+00 0.000000000000000000e+00
4.966342449188232422e-02 -3.341984748840332031e-02 -5.650818347930908203e-02 0.000000000000000000e+00 0.000000000000000000e+00 0.000000000000000000e+00 0.000000000000000000e+00
4.872733354568481445e-02 -3.280723094940185547e-02 -5.540418624877929688e-02 0.000000000000000000e+00 0.000000000000000000e+00 0.000000000000000000e+00 0.000000000000000000e+00
4.780912399291992188e-02 -3.220498561859130859e-02 -5.432128906250000000e-02 0.000000000000000000e+00 0.000000000000000000e+00 0.000000000000000000e+00 0.000000000000000000e+00
4.690808057785034180e-02 -3.161478042602539062e-02 -5.326032638549804688e-02 0.000000000000000000e+00 0.000000000000000000e+00 0.000000000000000000e+00 0.000000000000000000e+00
4.602372646331787109e-02 -3.103542327880859375e-02 -5.222010612487792969e-02 0.000000000000000000e+00 0.000000000000000000e+00 0.000000000000000000e+00 0.000000000000000000e+00
4.515588283538818359e-02 -3.046667575836181641e-02 -5.120050907135009766e-02 0.000000000000000000e+00 0.000000000000000000e+00 0.000000000000000000e+00 0.000000000000000000e+00
4.430437088012695312e-02 -2.990853786468505859e-02 -5.020093917846679688e-02 0.000000000000000000e+00 0.000000000000000000e+00 0.000000000000000000e+00 0.000000000000000000e+00
4.346865415573120117e-02 -2.936023473739624023e-02 -4.922044277191162109e-02 0.000000000000000000e+00 0.000000000000000000e+00 0.000000000000000000e+00 0.000000000000000000e+00
4.264891147613525391e-02 -2.882277965545654297e-02 -4.825997352600097656e-02 0.000000000000000000e+00 0.000000000000000000e+00 0.000000000000000000e+00 0.000000000000000000e+00
4.184448719024658203e-02 -2.829480171203613281e-02 -4.731845855712890625e-02 0.000000000000000000e+00 0.000000000000000000e+00 0.000000000000000000e+00 0.000000000000000000e+00
4.105514287948608398e-02 -2.777695655822753906e-02 -4.639530181884765625e-02 0.000000000000000000e+00 0.000000000000000000e+00 0.000000000000000000e+00 0.000000000000000000e+00
4.028135538101196289e-02 -2.726817131042480469e-02 -4.548990726470947266e-02 0.000000000000000000e+00 0.000000000000000000e+00 0.000000000000000000e+00 0.000000000000000000e+00
3.952139616012573242e-02 -2.676904201507568359e-02 -4.460275173187255859e-02 0.000000000000000000e+00 0.000000000000000000e+00 0.000000000000000000e+00 0.000000000000000000e+00
3.877556324005126953e-02 -2.627921104431152344e-02 -4.373335838317871094e-02 0.000000000000000000e+00 0.000000000000000000e+00 0.000000000000000000e+00 0.000000000000000000e+00
3.804403543472290039e-02 -2.579849958419799805e-02 -4.288029670715332031e-02 0.000000000000000000e+00 0.000000000000000000e+00 0.000000000000000000e+00 0.000000000000000000e+00
3.732573986053466797e-02 -2.532660961151123047e-02 -4.204440116882324219e-02 0.000000000000000000e+00 0.000000000000000000e+00 0.000000000000000000e+00 0.000000000000000000e+00
3.662115335464477539e-02 -2.486240863800048828e-02 -4.122471809387207031e-02 0.000000000000000000e+00 0.000000000000000000e+00 0.000000000000000000e+00 0.000000000000000000e+00
3.593027591705322266e-02 -2.440750598907470703e-02 -4.042077064514160156e-02 0.000000000000000000e+00 0.000000000000000000e+00 0.000000000000000000e+00 0.000000000000000000e+00
3.525644540786743164e-02 -2.395427227020263672e-02 -3.999447822570800781e-02 0.000000000000000000e+00 0.000000000000000000e+00 0.000000000000000000e+00 7.000000029802322388e-02
3.459465503692626953e-02 -2.351385354995727539e-02 -3.953862190246582031e-02 0.000000000000000000e+00 0.000000000000000000e+00 0.000000000000000000e+00 7.000000029802322388e-02
3.394132852554321289e-02 -2.308571338653564453e-02 -3.953719139099121094e-02 0.000000000000000000e+00 0.000000000000000000e+00 0.000000000000000000e+00 7.000000029802322388e-02
3.329104185104370117e-02 -2.267765998840332031e-02 -3.956913948059082031e-02 0.000000000000000000e+00 0.000000000000000000e+00 0.000000000000000000e+00 7.000000029802322388e-02
3.265088796615600586e-02 -2.228009700775146484e-02 -3.957760334014892578e-02 0.000000000000000000e+00 0.000000000000000000e+00 0.000000000000000000e+00 7.000000029802322388e-02
3.202283382415771484e-02 -2.188837528228759766e-02 -3.957843780517578125e-02 0.000000000000000000e+00 0.000000000000000000e+00 0.000000000000000000e+00 7.000000029802322388e-02
3.140705823898315430e-02 -2.150386571884155273e-02 -3.958010673522949219e-02 0.000000000000000000e+00 0.000000000000000000e+00 0.000000000000000000e+00 7.000000029802322388e-02
3.080296516418457031e-02 -2.112621068954467773e-02 -3.958165645599365234e-02 0.000000000000000000e+00 0.000000000000000000e+00 0.000000000000000000e+00 7.000000029802322388e-02
3.020995855331420898e-02 -2.075529098510742188e-02 -3.958296775817871094e-02 0.000000000000000000e+00 0.000000000000000000e+00 0.000000000000000000e+00 7.000000029802322388e-02
2.962923049926757812e-02 -2.039170265197753906e-02 -3.958499431610107422e-02 0.000000000000000000e+00 0.000000000000000000e+00 0.000000000000000000e+00 7.000000029802322388e-02
2.905899286270141602e-02 -2.003377676010131836e-02 -3.958559036254882812e-02 0.000000000000000000e+00 0.000000000000000000e+00 0.000000000000000000e+00 7.000000029802322388e-02
2.849936485290527344e-02 -1.968228816986083984e-02 -3.958833217620849609e-02 0.000000000000000000e+00 0.000000000000000000e+00 0.000000000000000000e+00 7.000000029802322388e-02
2.795100212097167969e-02 -1.933747529983520508e-02 -3.958976268768310547e-02 0.000000000000000000e+00 0.000000000000000000e+00 0.000000000000000000e+00 7.000000029802322388e-02
2.741271257400512695e-02 -1.899838447570800781e-02 -3.959107398986816406e-02 0.000000000000000000e+00 0.000000000000000000e+00 0.000000000000000000e+00 7.000000029802322388e-02
2.688509225845336914e-02 -1.866579055786132812e-02 -3.959321975708007812e-02 0.000000000000000000e+00 0.000000000000000000e+00 0.000000000000000000e+00 7.000000029802322388e-02
2.636712789535522461e-02 -1.833927631378173828e-02 -3.959488868713378906e-02 0.000000000000000000e+00 0.000000000000000000e+00 0.000000000000000000e+00 7.000000029802322388e-02
2.585923671722412109e-02 -1.801836490631103516e-02 -3.959631919860839844e-02 0.000000000000000000e+00 0.000000000000000000e+00 0.000000000000000000e+00 7.000000029802322388e-02
2.536106109619140625e-02 -1.770257949829101562e-02 -3.959786891937255859e-02 0.000000000000000000e+00 0.000000000000000000e+00 0.000000000000000000e+00 7.000000029802322388e-02
2.487212419509887695e-02 -1.739341020584106445e-02 -3.959965705871582031e-02 0.000000000000000000e+00 0.000000000000000000e+00 0.000000000000000000e+00 7.000000029802322388e-02
2.439248561859130859e-02 -1.708900928497314453e-02 -3.960132598876953125e-02 0.000000000000000000e+00 0.000000000000000000e+00 0.000000000000000000e+00 7.000000029802322388e-02
2.392208576202392578e-02 -1.679128408432006836e-02 -3.960442543029785156e-02 0.000000000000000000e+00 0.000000000000000000e+00 0.000000000000000000e+00 7.000000029802322388e-02
2.346050739288330078e-02 -1.649820804595947266e-02 -3.960537910461425781e-02 0.000000000000000000e+00 0.000000000000000000e+00 0.000000000000000000e+00 7.000000029802322388e-02
2.300769090652465820e-02 -1.621031761169433594e-02 -3.960728645324707031e-02 0.000000000000000000e+00 0.000000000000000000e+00 0.000000000000000000e+00 7.000000029802322388e-02
2.256447076797485352e-02 -1.592773199081420898e-02 -3.960859775543212891e-02 0.000000000000000000e+00 0.000000000000000000e+00 0.000000000000000000e+00 7.000000029802322388e-02
2.212864160537719727e-02 -1.564902067184448242e-02 -3.960990905761718750e-02 0.000000000000000000e+00 0.000000000000000000e+00 0.000000000000000000e+00 7.000000029802322388e-02
2.170169353485107422e-02 -1.537644863128662109e-02 -3.961181640625000000e-02 0.000000000000000000e+00 0.000000000000000000e+00 0.000000000000000000e+00 7.000000029802322388e-02
2.128261327743530273e-02 -1.510787010192871094e-02 -3.961384296417236328e-02 0.000000000000000000e+00 0.000000000000000000e+00 0.000000000000000000e+00 7.000000029802322388e-02
2.087152004241943359e-02 -1.484465599060058594e-02 -3.961634635925292969e-02 0.000000000000000000e+00 0.000000000000000000e+00 0.000000000000000000e+00 7.000000029802322388e-02
2.046865224838256836e-02 -1.458579301834106445e-02 -3.961718082427978516e-02 0.000000000000000000e+00 0.000000000000000000e+00 0.000000000000000000e+00 7.000000029802322388e-02
2.007269859313964844e-02 -1.433193683624267578e-02 -3.962028026580810547e-02 0.000000000000000000e+00 0.000000000000000000e+00 0.000000000000000000e+00 7.000000029802322388e-02
1.968461275100708008e-02 -1.408225297927856445e-02 -3.962039947509765625e-02 0.000000000000000000e+00 0.000000000000000000e+00 0.000000000000000000e+00 7.000000029802322388e-02
1.930415630340576172e-02 -1.383638381958007812e-02 -3.962254524230957031e-02 0.000000000000000000e+00 0.000000000000000000e+00 0.000000000000000000e+00 7.000000029802322388e-02
1.893109083175659180e-02 -1.359534263610839844e-02 -3.962469100952148438e-02 0.000000000000000000e+00 0.000000000000000000e+00 0.000000000000000000e+00 7.000000029802322388e-02
1.856547594070434570e-02 -1.335859298706054688e-02 -3.962612152099609375e-02 0.000000000000000000e+00 0.000000000000000000e+00 0.000000000000000000e+00 7.000000029802322388e-02
1.820647716522216797e-02 -1.312571763992309570e-02 -3.962826728820800781e-02 0.000000000000000000e+00 0.000000000000000000e+00 0.000000000000000000e+00 7.000000029802322388e-02
1.785427331924438477e-02 -1.289832592010498047e-02 -3.963088989257812500e-02 0.000000000000000000e+00 0.000000000000000000e+00 0.000000000000000000e+00 7.000000029802322388e-02
1.750922203063964844e-02 -1.267445087432861328e-02 -3.963184356689453125e-02 0.000000000000000000e+00 0.000000000000000000e+00 0.000000000000000000e+00 7.000000029802322388e-02
1.716995239257812500e-02 -1.245439052581787109e-02 -3.963446617126464844e-02 0.000000000000000000e+00 0.000000000000000000e+00 0.000000000000000000e+00 7.000000029802322388e-02
1.683753728866577148e-02 -1.223754882812500000e-02 -3.963577747344970703e-02 0.000000000000000000e+00 0.000000000000000000e+00 0.000000000000000000e+00 7.000000029802322388e-02
1.651102304458618164e-02 -1.202499866485595703e-02 -3.963756561279296875e-02 0.000000000000000000e+00 0.000000000000000000e+00 0.000000000000000000e+00 7.000000029802322388e-02
1.619172096252441406e-02 -1.181602478027343750e-02 -3.963947296142578125e-02 0.000000000000000000e+00 0.000000000000000000e+00 0.000000000000000000e+00 7.000000029802322388e-02
1.587820053100585938e-02 -1.161074638366699219e-02 -3.964114189147949219e-02 0.000000000000000000e+00 0.000000000000000000e+00 0.000000000000000000e+00 7.000000029802322388e-02
1.557064056396484375e-02 -1.140928268432617188e-02 -3.964388370513916016e-02 0.000000000000000000e+00 0.000000000000000000e+00 0.000000000000000000e+00 7.000000029802322388e-02
1.526880264282226562e-02 -1.121175289154052734e-02 -3.964483737945556641e-02 0.000000000000000000e+00 0.000000000000000000e+00 0.000000000000000000e+00 7.000000029802322388e-02
1.497215032577514648e-02 -1.101803779602050781e-02 -3.964793682098388672e-02 0.000000000000000000e+00 0.000000000000000000e+00 0.000000000000000000e+00 7.000000029802322388e-02
1.468169689178466797e-02 -1.082730293273925781e-02 -3.964960575103759766e-02 0.000000000000000000e+00 0.000000000000000000e+00 0.000000000000000000e+00 7.000000029802322388e-02
1.439726352691650391e-02 -1.064026355743408203e-02 -3.965139389038085938e-02 0.000000000000000000e+00 0.000000000000000000e+00 0.000000000000000000e+00 7.000000029802322388e-02
1.411813497543334961e-02 -1.045578718185424805e-02 -3.965210914611816406e-02 0.000000000000000000e+00 0.000000000000000000e+00 0.000000000000000000e+00 7.000000029802322388e-02
1.384419202804565430e-02 -1.027548313140869141e-02 -3.965544700622558594e-02 0.000000000000000000e+00 0.000000000000000000e+00 0.000000000000000000e+00 7.000000029802322388e-02
1.357531547546386719e-02 -1.009750366210937500e-02 -3.965711593627929688e-02 0.000000000000000000e+00 0.000000000000000000e+00 0.000000000000000000e+00 7.000000029802322388e-02
1.331204175949096680e-02 -9.923100471496582031e-03 -3.965830802917480469e-02 0.000000000000000000e+00 0.000000000000000000e+00 0.000000000000000000e+00 7.000000029802322388e-02
1.305359601974487305e-02 -9.751677513122558594e-03 -3.966164588928222656e-02 0.000000000000000000e+00 0.000000000000000000e+00 0.000000000000000000e+00 7.000000029802322388e-02
1.279962062835693359e-02 -9.583592414855957031e-03 -3.966283798217773438e-02 0.000000000000000000e+00 0.000000000000000000e+00 0.000000000000000000e+00 7.000000029802322388e-02
1.255136728286743164e-02 -9.418785572052001953e-03 -3.966593742370605469e-02 0.000000000000000000e+00 0.000000000000000000e+00 0.000000000000000000e+00 7.000000029802322388e-02
1.230740547180175781e-02 -9.256005287170410156e-03 -3.966641426086425781e-02 0.000000000000000000e+00 0.000000000000000000e+00 0.000000000000000000e+00 7.000000029802322388e-02
1.206815242767333984e-02 -9.096503257751464844e-03 -3.966879844665527344e-02 0.000000000000000000e+00 0.000000000000000000e+00 0.000000000000000000e+00 7.000000029802322388e-02
1.183348894119262695e-02 -8.939564228057861328e-03 -3.967022895812988281e-02 0.000000000000000000e+00 0.000000000000000000e+00 0.000000000000000000e+00 7.000000029802322388e-02
1.160347461700439453e-02 -8.786380290985107422e-03 -3.967332839965820312e-02 0.000000000000000000e+00 0.000000000000000000e+00 0.000000000000000000e+00 7.000000029802322388e-02
1.137739419937133789e-02 -8.635282516479492188e-03 -3.967595100402832031e-02 0.000000000000000000e+00 0.000000000000000000e+00 0.000000000000000000e+00 7.000000029802322388e-02
1.115643978118896484e-02 -8.487224578857421875e-03 -3.967738151550292969e-02 0.000000000000000000e+00 0.000000000000000000e+00 0.000000000000000000e+00 7.000000029802322388e-02
1.093918085098266602e-02 -8.341431617736816406e-03 -3.967821598052978516e-02 0.000000000000000000e+00 0.000000000000000000e+00 0.000000000000000000e+00 7.000000029802322388e-02
1.072674989700317383e-02 -8.197784423828125000e-03 -3.968048095703125000e-02 0.000000000000000000e+00 0.000000000000000000e+00 0.000000000000000000e+00 7.000000029802322388e-02
1.051837205886840820e-02 -8.057057857513427734e-03 -3.968286514282226562e-02 0.000000000000000000e+00 0.000000000000000000e+00 0.000000000000000000e+00 7.000000029802322388e-02
1.031315326690673828e-02 -7.918953895568847656e-03 -3.968489170074462891e-02 0.000000000000000000e+00 0.000000000000000000e+00 0.000000000000000000e+00 7.000000029802322388e-02
1.011216640472412109e-02 -7.782995700836181641e-03 -3.968763351440429688e-02 0.000000000000000000e+00 0.000000000000000000e+00 0.000000000000000000e+00 7.000000029802322388e-02
9.914934635162353516e-03 -7.650494575500488281e-03 -3.968942165374755859e-02 0.000000000000000000e+00 0.000000000000000000e+00 0.000000000000000000e+00 7.000000029802322388e-02
9.721100330352783203e-03 -7.519364356994628906e-03 -3.969204425811767578e-02 0.000000000000000000e+00 0.000000000000000000e+00 0.000000000000000000e+00 7.000000029802322388e-02
9.531676769256591797e-03 -7.390379905700683594e-03 -3.969311714172363281e-02 0.000000000000000000e+00 0.000000000000000000e+00 0.000000000000000000e+00 7.000000029802322388e-02
9.345591068267822266e-03 -7.264852523803710938e-03 -3.969538211822509766e-02 0.000000000000000000e+00 0.000000000000000000e+00 0.000000000000000000e+00 7.000000029802322388e-02
9.163320064544677734e-03 -7.140398025512695312e-03 -3.969740867614746094e-02 0.000000000000000000e+00 0.000000000000000000e+00 0.000000000000000000e+00 7.000000029802322388e-02
8.984565734863281250e-03 -7.018268108367919922e-03 -3.969979286193847656e-02 0.000000000000000000e+00 0.000000000000000000e+00 0.000000000000000000e+00 7.000000029802322388e-02
8.809208869934082031e-03 -6.898641586303710938e-03 -3.970217704772949219e-02 0.000000000000000000e+00 0.000000000000000000e+00 0.000000000000000000e+00 7.000000029802322388e-02
8.636772632598876953e-03 -6.780743598937988281e-03 -3.970313072204589844e-02 0.000000000000000000e+00 0.000000000000000000e+00 0.000000000000000000e+00 7.000000029802322388e-02
8.468270301818847656e-03 -6.665170192718505859e-03 -3.970551490783691406e-02 0.000000000000000000e+00 0.000000000000000000e+00 0.000000000000000000e+00 7.000000029802322388e-02
8.303523063659667969e-03 -6.551265716552734375e-03 -3.970789909362792969e-02 0.000000000000000000e+00 0.000000000000000000e+00 0.000000000000000000e+00 7.000000029802322388e-02
8.140802383422851562e-03 -6.439208984375000000e-03 -3.971016407012939453e-02 0.000000000000000000e+00 0.000000000000000000e+00 0.000000000000000000e+00 7.000000029802322388e-02
7.981300354003906250e-03 -6.330370903015136719e-03 -3.971254825592041016e-02 0.000000000000000000e+00 0.000000000000000000e+00 0.000000000000000000e+00 7.000000029802322388e-02
7.824897766113281250e-03 -6.223678588867187500e-03 -3.971517086029052734e-02 0.000000000000000000e+00 0.000000000000000000e+00 0.000000000000000000e+00 7.000000029802322388e-02
7.672011852264404297e-03 -6.118535995483398438e-03 -3.971695899963378906e-02 0.000000000000000000e+00 0.000000000000000000e+00 0.000000000000000000e+00 7.000000029802322388e-02
7.522046566009521484e-03 -6.014525890350341797e-03 -3.971862792968750000e-02 0.000000000000000000e+00 0.000000000000000000e+00 0.000000000000000000e+00 7.000000029802322388e-02
7.375240325927734375e-03 -5.912542343139648438e-03 -3.972005844116210938e-02 0.000000000000000000e+00 0.000000000000000000e+00 0.000000000000000000e+00 7.000000029802322388e-02
7.348656654357910156e-03 -5.459785461425781250e-03 -3.957557678222656250e-02 0.000000000000000000e+00 0.000000000000000000e+00 0.000000000000000000e+00 7.000000029802322388e-02
7.361114025115966797e-03 -4.859685897827148438e-03 -3.955960273742675781e-02 0.000000000000000000e+00 0.000000000000000000e+00 0.000000000000000000e+00 7.000000029802322388e-02
7.396042346954345703e-03 -4.257977008819580078e-03 -3.955876827239990234e-02 0.000000000000000000e+00 0.000000000000000000e+00 0.000000000000000000e+00 7.000000029802322388e-02
7.437527179718017578e-03 -3.660023212432861328e-03 -3.956282138824462891e-02 0.000000000000000000e+00 0.000000000000000000e+00 0.000000000000000000e+00 7.000000029802322388e-02
7.480680942535400391e-03 -3.062307834625244141e-03 -3.956508636474609375e-02 0.000000000000000000e+00 0.000000000000000000e+00 0.000000000000000000e+00 7.000000029802322388e-02
7.530152797698974609e-03 -2.464234828948974609e-03 -3.956890106201171875e-02 0.000000000000000000e+00 0.000000000000000000e+00 0.000000000000000000e+00 7.000000029802322388e-02
7.587492465972900391e-03 -1.866340637207031250e-03 -3.957450389862060547e-02 0.000000000000000000e+00 0.000000000000000000e+00 0.000000000000000000e+00 7.000000029802322388e-02
7.643699645996093750e-03 -1.266658306121826172e-03 -3.957414627075195312e-02 0.000000000000000000e+00 0.000000000000000000e+00 0.000000000000000000e+00 7.000000029802322388e-02
7.705211639404296875e-03 -6.656646728515625000e-04 -3.957629203796386719e-02 0.000000000000000000e+00 0.000000000000000000e+00 0.000000000000000000e+00 7.000000029802322388e-02
7.762610912322998047e-03 -6.496906280517578125e-05 -3.956902027130126953e-02 0.000000000000000000e+00 0.000000000000000000e+00 0.000000000000000000e+00 7.000000029802322388e-02
7.777929306030273438e-03 1.447796821594238281e-04 -3.957235813140869141e-02 0.000000000000000000e+00 0.000000000000000000e+00 0.000000000000000000e+00 7.000000029802322388e-02
7.754981517791748047e-03 -2.354383468627929688e-05 -3.959751129150390625e-02 0.000000000000000000e+00 0.000000000000000000e+00 0.000000000000000000e+00 7.000000029802322388e-02
7.732331752777099609e-03 -1.530051231384277344e-04 -3.961718082427978516e-02 0.000000000000000000e+00 0.000000000000000000e+00 0.000000000000000000e+00 7.000000029802322388e-02
7.583916187286376953e-03 -2.450346946716308594e-04 -3.967237472534179688e-02 0.000000000000000000e+00 0.000000000000000000e+00 0.000000000000000000e+00 7.000000029802322388e-02
7.573664188385009766e-03 -3.284811973571777344e-04 -3.969168663024902344e-02 0.000000000000000000e+00 0.000000000000000000e+00 0.000000000000000000e+00 7.000000029802322388e-02
7.559418678283691406e-03 -3.992915153503417969e-04 -3.969895839691162109e-02 0.000000000000000000e+00 0.000000000000000000e+00 0.000000000000000000e+00 7.000000029802322388e-02
7.548332214355468750e-03 -4.563927650451660156e-04 -3.970968723297119141e-02 0.000000000000000000e+00 0.000000000000000000e+00 0.000000000000000000e+00 7.000000029802322388e-02
7.541120052337646484e-03 -5.043148994445800781e-04 -3.971970081329345703e-02 0.000000000000000000e+00 0.000000000000000000e+00 0.000000000000000000e+00 7.000000029802322388e-02
7.534325122833251953e-03 -5.441308021545410156e-04 -3.973019123077392578e-02 0.000000000000000000e+00 0.000000000000000000e+00 0.000000000000000000e+00 7.000000029802322388e-02
7.528424263000488281e-03 -5.763769149780273438e-04 5.000000074505805969e-02 0.000000000000000000e+00 0.000000000000000000e+00 0.000000000000000000e+00 7.000000029802322388e-02
7.278501987457275391e-03 -5.725622177124023438e-04 5.000000074505805969e-02 0.000000000000000000e+00 0.000000000000000000e+00 0.000000000000000000e+00 7.000000029802322388e-02
7.273197174072265625e-03 -6.000995635986328125e-04 5.000000074505805969e-02 0.000000000000000000e+00 0.000000000000000000e+00 0.000000000000000000e+00 7.000000029802322388e-02
7.268846035003662109e-03 -6.226897239685058594e-04 5.000000074505805969e-02 0.000000000000000000e+00 0.000000000000000000e+00 0.000000000000000000e+00 7.000000029802322388e-02
7.265031337738037109e-03 -6.413459777832031250e-04 5.000000074505805969e-02 0.000000000000000000e+00 0.000000000000000000e+00 0.000000000000000000e+00 7.000000029802322388e-02
7.344424724578857422e-03 -6.576776504516601562e-04 5.000000074505805969e-02 0.000000000000000000e+00 0.000000000000000000e+00 0.000000000000000000e+00 7.000000029802322388e-02
7.341027259826660156e-03 -6.732344627380371094e-04 5.000000074505805969e-02 0.000000000000000000e+00 0.000000000000000000e+00 0.000000000000000000e+00 7.000000029802322388e-02
7.338464260101318359e-03 -6.861686706542968750e-04 5.000000074505805969e-02 0.000000000000000000e+00 0.000000000000000000e+00 0.000000000000000000e+00 7.000000029802322388e-02
7.336020469665527344e-03 -6.970167160034179688e-04 5.000000074505805969e-02 0.000000000000000000e+00 0.000000000000000000e+00 0.000000000000000000e+00 7.000000029802322388e-02
7.334649562835693359e-03 -7.070302963256835938e-04 5.000000074505805969e-02 0.000000000000000000e+00 0.000000000000000000e+00 0.000000000000000000e+00 7.000000029802322388e-02
7.332444190979003906e-03 -7.152557373046875000e-04 5.000000074505805969e-02 0.000000000000000000e+00 0.000000000000000000e+00 0.000000000000000000e+00 7.000000029802322388e-02
7.331073284149169922e-03 -7.226467132568359375e-04 5.000000074505805969e-02 0.000000000000000000e+00 0.000000000000000000e+00 0.000000000000000000e+00 7.000000029802322388e-02
7.330536842346191406e-03 -7.295608520507812500e-04 5.000000074505805969e-02 0.000000000000000000e+00 0.000000000000000000e+00 0.000000000000000000e+00 7.000000029802322388e-02
7.328450679779052734e-03 -7.354617118835449219e-04 5.000000074505805969e-02 0.000000000000000000e+00 0.000000000000000000e+00 0.000000000000000000e+00 7.000000029802322388e-02
7.327735424041748047e-03 -7.411837577819824219e-04 5.000000074505805969e-02 0.000000000000000000e+00 0.000000000000000000e+00 0.000000000000000000e+00 7.000000029802322388e-02
7.326781749725341797e-03 -7.460117340087890625e-04 5.000000074505805969e-02 0.000000000000000000e+00 0.000000000000000000e+00 0.000000000000000000e+00 7.000000029802322388e-02
7.325351238250732422e-03 -7.511973381042480469e-04 5.000000074505805969e-02 0.000000000000000000e+00 0.000000000000000000e+00 0.000000000000000000e+00 7.000000029802322388e-02
7.324397563934326172e-03 -7.562041282653808594e-04 5.000000074505805969e-02 0.000000000000000000e+00 0.000000000000000000e+00 0.000000000000000000e+00 7.000000029802322388e-02
7.322967052459716797e-03 -7.606148719787597656e-04 5.000000074505805969e-02 0.000000000000000000e+00 0.000000000000000000e+00 0.000000000000000000e+00 7.000000029802322388e-02
7.322311401367187500e-03 -7.650852203369140625e-04 5.000000074505805969e-02 0.000000000000000000e+00 0.000000000000000000e+00 0.000000000000000000e+00 7.000000029802322388e-02
7.321178913116455078e-03 -7.688403129577636719e-04 5.000000074505805969e-02 0.000000000000000000e+00 0.000000000000000000e+00 0.000000000000000000e+00 7.000000029802322388e-02
7.320702075958251953e-03 -7.732510566711425781e-04 5.000000074505805969e-02 0.000000000000000000e+00 0.000000000000000000e+00 0.000000000000000000e+00 7.000000029802322388e-02
7.319450378417968750e-03 -7.775425910949707031e-04 5.000000074505805969e-02 0.000000000000000000e+00 0.000000000000000000e+00 0.000000000000000000e+00 7.000000029802322388e-02
7.318496704101562500e-03 -7.812380790710449219e-04 5.000000074505805969e-02 0.000000000000000000e+00 0.000000000000000000e+00 0.000000000000000000e+00 7.000000029802322388e-02
7.317662239074707031e-03 -7.858276367187500000e-04 5.000000074505805969e-02 0.000000000000000000e+00 0.000000000000000000e+00 0.000000000000000000e+00 7.000000029802322388e-02
7.317066192626953125e-03 -7.892847061157226562e-04 5.000000074505805969e-02 0.000000000000000000e+00 0.000000000000000000e+00 0.000000000000000000e+00 7.000000029802322388e-02
7.316231727600097656e-03 -7.929801940917968750e-04 5.000000074505805969e-02 0.000000000000000000e+00 0.000000000000000000e+00 0.000000000000000000e+00 7.000000029802322388e-02
7.315218448638916016e-03 -7.972717285156250000e-04 5.000000074505805969e-02 0.000000000000000000e+00 0.000000000000000000e+00 0.000000000000000000e+00 7.000000029802322388e-02
7.314324378967285156e-03 -8.007884025573730469e-04 5.000000074505805969e-02 0.000000000000000000e+00 0.000000000000000000e+00 0.000000000000000000e+00 7.000000029802322388e-02
7.313549518585205078e-03 -8.047223091125488281e-04 5.000000074505805969e-02 0.000000000000000000e+00 0.000000000000000000e+00 0.000000000000000000e+00 7.000000029802322388e-02
7.312774658203125000e-03 -8.082985877990722656e-04 5.000000074505805969e-02 0.000000000000000000e+00 0.000000000000000000e+00 0.000000000000000000e+00 7.000000029802322388e-02
7.312119007110595703e-03 -8.120536804199218750e-04 5.000000074505805969e-02 0.000000000000000000e+00 0.000000000000000000e+00 0.000000000000000000e+00 7.000000029802322388e-02
7.311105728149414062e-03 -8.156299591064453125e-04 5.000000074505805969e-02 0.000000000000000000e+00 0.000000000000000000e+00 0.000000000000000000e+00 7.000000029802322388e-02
7.310509681701660156e-03 -8.193850517272949219e-04 5.000000074505805969e-02 0.000000000000000000e+00 0.000000000000000000e+00 0.000000000000000000e+00 7.000000029802322388e-02
7.309198379516601562e-03 -8.231401443481445312e-04 5.000000074505805969e-02 0.000000000000000000e+00 0.000000000000000000e+00 0.000000000000000000e+00 7.000000029802322388e-02
7.308602333068847656e-03 -8.272528648376464844e-04 5.000000074505805969e-02 0.000000000000000000e+00 0.000000000000000000e+00 0.000000000000000000e+00 7.000000029802322388e-02
7.307827472686767578e-03 -8.308887481689453125e-04 5.000000074505805969e-02 0.000000000000000000e+00 0.000000000000000000e+00 0.000000000000000000e+00 7.000000029802322388e-02
7.307112216949462891e-03 -8.344650268554687500e-04 5.000000074505805969e-02 0.000000000000000000e+00 0.000000000000000000e+00 0.000000000000000000e+00 7.000000029802322388e-02
7.306396961212158203e-03 -8.381605148315429688e-04 5.000000074505805969e-02 0.000000000000000000e+00 0.000000000000000000e+00 0.000000000000000000e+00 7.000000029802322388e-02
7.305622100830078125e-03 -8.414983749389648438e-04 5.000000074505805969e-02 0.000000000000000000e+00 0.000000000000000000e+00 0.000000000000000000e+00 7.000000029802322388e-02
7.304728031158447266e-03 -8.455514907836914062e-04 5.000000074505805969e-02 0.000000000000000000e+00 0.000000000000000000e+00 0.000000000000000000e+00 7.000000029802322388e-02
7.303833961486816406e-03 -8.491277694702148438e-04 5.000000074505805969e-02 0.000000000000000000e+00 0.000000000000000000e+00 0.000000000000000000e+00 7.000000029802322388e-02
7.303059101104736328e-03 -8.531212806701660156e-04 5.000000074505805969e-02 0.000000000000000000e+00 0.000000000000000000e+00 0.000000000000000000e+00 7.000000029802322388e-02
7.301986217498779297e-03 -8.568763732910156250e-04 5.000000074505805969e-02 0.000000000000000000e+00 0.000000000000000000e+00 0.000000000000000000e+00 7.000000029802322388e-02
7.301270961761474609e-03 -8.606910705566406250e-04 5.000000074505805969e-02 0.000000000000000000e+00 0.000000000000000000e+00 0.000000000000000000e+00 7.000000029802322388e-02
7.300734519958496094e-03 -8.642077445983886719e-04 5.000000074505805969e-02 0.000000000000000000e+00 0.000000000000000000e+00 0.000000000000000000e+00 7.000000029802322388e-02
7.299780845642089844e-03 -8.678436279296875000e-04 5.000000074505805969e-02 0.000000000000000000e+00 0.000000000000000000e+00 0.000000000000000000e+00 7.000000029802322388e-02
7.299065589904785156e-03 -8.714795112609863281e-04 5.000000074505805969e-02 0.000000000000000000e+00 0.000000000000000000e+00 0.000000000000000000e+00 7.000000029802322388e-02
7.298767566680908203e-03 -8.757710456848144531e-04 5.000000074505805969e-02 0.000000000000000000e+00 0.000000000000000000e+00 0.000000000000000000e+00 7.000000029802322388e-02
7.297217845916748047e-03 -8.787512779235839844e-04 5.000000074505805969e-02 0.000000000000000000e+00 0.000000000000000000e+00 0.000000000000000000e+00 7.000000029802322388e-02
7.296502590179443359e-03 -8.828043937683105469e-04 5.000000074505805969e-02 0.000000000000000000e+00 0.000000000000000000e+00 0.000000000000000000e+00 7.000000029802322388e-02
7.295727729797363281e-03 -8.863806724548339844e-04 5.000000074505805969e-02 0.000000000000000000e+00 0.000000000000000000e+00 0.000000000000000000e+00 7.000000029802322388e-02
7.294535636901855469e-03 -8.898973464965820312e-04 5.000000074505805969e-02 0.000000000000000000e+00 0.000000000000000000e+00 0.000000000000000000e+00 7.000000029802322388e-02
7.294297218322753906e-03 -8.937716484069824219e-04 5.000000074505805969e-02 0.000000000000000000e+00 0.000000000000000000e+00 0.000000000000000000e+00 7.000000029802322388e-02
7.293283939361572266e-03 -8.972287178039550781e-04 5.000000074505805969e-02 0.000000000000000000e+00 0.000000000000000000e+00 0.000000000000000000e+00 7.000000029802322388e-02
7.292449474334716797e-03 -9.011626243591308594e-04 5.000000074505805969e-02 0.000000000000000000e+00 0.000000000000000000e+00 0.000000000000000000e+00 7.000000029802322388e-02
7.291674613952636719e-03 -9.050369262695312500e-04 5.000000074505805969e-02 0.000000000000000000e+00 0.000000000000000000e+00 0.000000000000000000e+00 7.000000029802322388e-02
7.290959358215332031e-03 -9.084343910217285156e-04 5.000000074505805969e-02 0.000000000000000000e+00 0.000000000000000000e+00 0.000000000000000000e+00 7.000000029802322388e-02
7.290184497833251953e-03 -9.120702743530273438e-04 5.000000074505805969e-02 0.000000000000000000e+00 0.000000000000000000e+00 0.000000000000000000e+00 7.000000029802322388e-02
7.289409637451171875e-03 -9.157061576843261719e-04 5.000000074505805969e-02 0.000000000000000000e+00 0.000000000000000000e+00 0.000000000000000000e+00 7.000000029802322388e-02
7.288396358489990234e-03 -9.195804595947265625e-04 5.000000074505805969e-02 0.000000000000000000e+00 0.000000000000000000e+00 0.000000000000000000e+00 7.000000029802322388e-02
7.287442684173583984e-03 -9.226799011230468750e-04 5.000000074505805969e-02 0.000000000000000000e+00 0.000000000000000000e+00 0.000000000000000000e+00 7.000000029802322388e-02
7.286787033081054688e-03 -9.266734123229980469e-04 5.000000074505805969e-02 0.000000000000000000e+00 0.000000000000000000e+00 0.000000000000000000e+00 7.000000029802322388e-02
7.285892963409423828e-03 -9.298920631408691406e-04 5.000000074505805969e-02 0.000000000000000000e+00 0.000000000000000000e+00 0.000000000000000000e+00 7.000000029802322388e-02
7.285356521606445312e-03 -9.341835975646972656e-04 5.000000074505805969e-02 0.000000000000000000e+00 0.000000000000000000e+00 0.000000000000000000e+00 7.000000029802322388e-02
7.284343242645263672e-03 -9.373426437377929688e-04 5.000000074505805969e-02 0.000000000000000000e+00 0.000000000000000000e+00 0.000000000000000000e+00 7.000000029802322388e-02
7.283866405487060547e-03 -9.407997131347656250e-04 5.000000074505805969e-02 0.000000000000000000e+00 0.000000000000000000e+00 0.000000000000000000e+00 7.000000029802322388e-02
7.283031940460205078e-03 -9.449720382690429688e-04 5.000000074505805969e-02 0.000000000000000000e+00 0.000000000000000000e+00 0.000000000000000000e+00 7.000000029802322388e-02
7.282018661499023438e-03 -9.487271308898925781e-04 5.000000074505805969e-02 0.000000000000000000e+00 0.000000000000000000e+00 0.000000000000000000e+00 7.000000029802322388e-02
7.281005382537841797e-03 -9.524226188659667969e-04 5.000000074505805969e-02 0.000000000000000000e+00 0.000000000000000000e+00 0.000000000000000000e+00 7.000000029802322388e-02
7.280647754669189453e-03 -9.563565254211425781e-04 5.000000074505805969e-02 0.000000000000000000e+00 0.000000000000000000e+00 0.000000000000000000e+00 7.000000029802322388e-02
7.279694080352783203e-03 -9.595155715942382812e-04 5.000000074505805969e-02 0.000000000000000000e+00 0.000000000000000000e+00 0.000000000000000000e+00 7.000000029802322388e-02
7.278621196746826172e-03 -9.629726409912109375e-04 5.000000074505805969e-02 0.000000000000000000e+00 0.000000000000000000e+00 0.000000000000000000e+00 7.000000029802322388e-02
7.277965545654296875e-03 -9.669661521911621094e-04 5.000000074505805969e-02 0.000000000000000000e+00 0.000000000000000000e+00 0.000000000000000000e+00 7.000000029802322388e-02
7.276952266693115234e-03 -9.709000587463378906e-04 5.000000074505805969e-02 0.000000000000000000e+00 0.000000000000000000e+00 0.000000000000000000e+00 7.000000029802322388e-02
